-3.5 -2.53684210526316 -9 7.10526315789474 -11.6052631578947 5.01578947368421 5.16842105263158 5.14736842105263 -6.56842105263158 1.74736842105263 1.61578947368421 4.90000000000001 -5.92631578947368 5.74736842105263 0.036842105263159 -4.06842105263158 -1.21052631578948 2.06315789473684 -0.957894736842112 1.9
-0.4 -2.53684210526316 -9 7.10526315789474 -11.3684210526316 4.49473684210526 5.16842105263158 5.14736842105263 -6.56842105263158 1.74736842105263 3.17894736842106 0.336842105263161 -6.33684210526316 5.74736842105263 -0.778947368421053 -0.31578947368421 -1.21052631578948 1.8 1.67368421052631 1.9
-0.4 -2.53684210526316 -9 7.10526315789474 -11.3684210526316 4.49473684210526 5.16842105263158 5.14736842105263 -6.56842105263158 1.74736842105263 3.17894736842106 0.336842105263161 -5.48947368421052 2.72105263157895 0.036842105263159 -4.06842105263158 -1.21052631578948 2.06315789473684 -0.831578947368425 1.9
-0.4 -2.53684210526316 -9 7.10526315789474 -11.3684210526316 4.49473684210526 5.16842105263158 5.14736842105263 -6.56842105263158 1.74736842105263 3.17894736842106 0.336842105263161 -6.33684210526316 5.74736842105263 -0.673684210526316 -0.8 -1.21052631578948 2.06315789473684 -0.836842105263162 1.9
-0.4 -2.53684210526316 -9 7.10526315789474 -11.3684210526316 4.49473684210526 5.16842105263158 5.14736842105263 -6.56842105263158 1.74736842105263 3.17894736842106 0.336842105263161 -6.33684210526316 5.74736842105263 -0.463157894736842 -1.76842105263158 -1.21052631578948 2.06315789473684 -0.957894736842112 1.9
-0.4 -2.53684210526316 -9 7.10526315789474 -11.3684210526316 4.49473684210526 5.16842105263158 5.14736842105263 -6.56842105263158 1.74736842105263 3.17894736842106 0.336842105263161 -6.33684210526316 5.74736842105263 0.036842105263159 -3.9 -1.72631578947368 -0.515789473684212 -3.92105263157896 1.9
-0.4 -2.53684210526316 -9 7.10526315789474 -11.3684210526316 4.49473684210526 5.16842105263158 5.14736842105263 -6.56842105263158 1.74736842105263 3.17894736842106 0.336842105263161 -6.33684210526316 5.74736842105263 0.036842105263159 -3.9 -1.6 -1.69473684210526 -0.973684210526323 1.9
-0.4 -2.53684210526316 -9 7.10526315789474 -11.3684210526316 4.49473684210526 5.16842105263158 5.14736842105263 -6.56842105263158 1.74736842105263 3.17894736842106 0.336842105263161 -6.33684210526316 5.74736842105263 0.036842105263159 -3.9 -2.13684210526316 2.06315789473684 -0.973684210526323 1.9
-0.8 -2.53684210526316 -9 7.10526315789474 -11.3684210526316 4.49473684210526 5.16842105263158 5.14736842105263 -6.56842105263158 1.74736842105263 3.17894736842106 0.210526315789477 -5.92631578947368 5.74736842105263 0.036842105263159 -4.06842105263158 -1.21052631578948 2.06315789473684 -0.957894736842112 1.9
-0.4 -2.53684210526316 -9 7.10526315789474 -11.3684210526316 4.49473684210526 5.16842105263158 5.14736842105263 -6.56842105263158 1.74736842105263 3.17894736842106 0.336842105263161 -6.33684210526316 5.74736842105263 0.036842105263159 -4.06842105263158 -1.21052631578948 2.06315789473684 -0.957894736842112 1.9
-0.4 -2.53684210526316 -9 7.10526315789474 -11.3684210526316 4.49473684210526 5.16842105263158 5.14736842105263 -6.56842105263158 1.74736842105263 3.17894736842106 0.336842105263161 -6.33684210526316 5.74736842105263 0.036842105263159 -4.06842105263158 -1.21052631578948 2.06315789473684 -0.973684210526323 1.9
-0.4 -3.2 -3.9 1.8 -4.5 4.2 3.8 1.8 -3.5 1.8 1.9 -0.8 -3.5 4.2 -3.5 -1.6 1.8 -0.7 4.5 1.9
-0.4 -2.53684210526316 -9 7.10526315789474 -11.3684210526316 4.49473684210526 5.16842105263158 5.14736842105263 -6.56842105263158 1.74736842105263 3.17894736842106 0.336842105263161 -6.33684210526316 5.74736842105263 -0.673684210526316 -0.631578947368421 -2.13684210526316 2.3578947368421 -3.92105263157896 1.9
-0.8 -2.53684210526316 -9 7.10526315789474 -11.3684210526316 4.49473684210526 5.16842105263158 5.14736842105263 -6.56842105263158 1.74736842105263 3.17894736842106 0.336842105263161 -5.45263157894737 2.58947368421053 0.036842105263159 -4.06842105263158 -1.21052631578948 2.06315789473684 -0.973684210526323 1.9
-0.8 -2.53684210526316 -9 7.10526315789474 -11.6052631578947 5.01578947368421 5.16842105263158 5.14736842105263 -6.56842105263158 1.74736842105263 3.17894736842106 0.336842105263161 -6.33684210526316 5.74736842105263 -0.778947368421053 -0.147368421052631 -2.13684210526316 2.3578947368421 -3.92105263157896 1.9
-0.4 -2.53684210526316 -9 7.10526315789474 -11.3684210526316 4.49473684210526 5.16842105263158 5.14736842105263 -6.56842105263158 1.74736842105263 3.17894736842106 0.336842105263161 -6.33684210526316 5.74736842105263 -0.778947368421053 -0.31578947368421 -1.21052631578948 2.06315789473684 -0.973684210526323 1.9
-0.4 -2.53684210526316 -9 7.10526315789474 -11.3684210526316 4.49473684210526 5.16842105263158 5.14736842105263 -6.56842105263158 1.74736842105263 3.17894736842106 0.336842105263161 -6.44736842105263 6.1421052631579 -0.778947368421053 -0.31578947368421 -1.21052631578948 2.06315789473684 -0.973684210526323 1.9
-0.4 -2.53684210526316 -9 7.10526315789474 -11.3684210526316 4.49473684210526 5.16842105263158 5.14736842105263 -6.56842105263158 1.74736842105263 3.17894736842106 0.336842105263161 -6.33684210526316 6.63157894736842 -3.5 -4.06842105263158 -0.373684210526313 -4.0578947368421 1.6578947368421 1.9
-0.8 -2.53684210526316 -9 7.10526315789474 -11.3684210526316 4.49473684210526 5.16842105263158 5.14736842105263 -6.56842105263158 1.74736842105263 3.17894736842106 0.336842105263161 -6.33684210526316 5.74736842105263 0.036842105263159 -4.06842105263158 -1.21052631578948 1.54736842105263 4.18421052631579 1.9
-0.4 -2.53684210526316 -9 7.10526315789474 -11.3684210526316 4.49473684210526 5.16842105263158 5.14736842105263 -6.56842105263158 1.74736842105263 3.17894736842106 0.210526315789477 -5.92631578947368 5.74736842105263 0.036842105263159 -4.06842105263158 -1.21052631578948 2.3578947368421 -3.92105263157896 1.9
-0.4 -2.53684210526316 -9 7.10526315789474 -11.3684210526316 4.49473684210526 5.16842105263158 5.14736842105263 -6.56842105263158 1.74736842105263 3.17894736842106 0.336842105263161 -6.33684210526316 5.74736842105263 0.036842105263159 -4.06842105263158 -1.21052631578948 2.3578947368421 -3.92105263157896 1.9
-0.4 -2.53684210526316 -9 7.10526315789474 -11.3684210526316 4.49473684210526 5.16842105263158 5.14736842105263 -6.56842105263158 1.74736842105263 3.17894736842106 0.336842105263161 -6.33684210526316 5.74736842105263 0.036842105263159 -4.06842105263158 -1.21052631578948 2.3578947368421 -3.90526315789475 1.9
-0.4 -3.2 -3.9 1.8 -4.5 4.2 3.8 1.8 -3.5 1.8 1.9 -0.8 -3.5 4.2 -3.5 -3.5 -0.7 -0.8 4.5 1.9
-0.4 -3.2 -3.9 1.8 -4.5 4.2 3.8 1.8 -3.5 1.8 1.9 -0.8 -3.5 4.2 -3.5 -3.5 -0.7 -3.5 4.5 1.9
-0.8 -3.2 -3.9 1.8 -4.5 4.2 3.8 1.8 -3.5 1.8 1.9 -0.8 -3.5 1.8 -0.8 -0.4 -3.5 -0.7 4.5 1.9
-0.8 -3.2 -3.9 1.8 -4.5 4.2 3.8 1.8 -3.5 1.8 1.9 -0.8 -3.2 1.8 -0.8 -0.4 -3.5 -0.7 4.5 1.9
-0.4 -3.2 -3.9 1.8 -4.5 4.2 3.8 1.8 -3.5 1.8 1.9 -0.8 -3.5 4.2 -0.8 -0.4 1.8 1.8 4.5 1.9
-0.4 -3.2 -3.9 1.8 -4.5 4.5 3.8 1.8 -3.5 1.8 1.9 -0.8 -3.5 1.9 -3.5 -0.8 1.8 -0.7 4.2 1.9
-0.4 -3.2 -3.9 1.8 -4.5 4.2 3.8 1.8 -3.5 1.8 1.9 -0.8 -3.5 1.8 -3.5 -3.5 -0.7 1.8 4.5 1.9
-0.8 -3.2 -3.9 1.8 -4.5 4.2 3.8 1.8 -3.5 1.8 1.9 -0.8 -3.5 1.8 -3.5 -3.5 -0.4 -3.5 4.5 1.9
-0.4 -0.252631578947368 -3.12631578947368 -4.8 3.12631578947369 -6.78947368421053 4.32631578947368 4.53684210526316 4.03157894736842 -6.01052631578948 1.74736842105263 3.46315789473684 0.905263157894737 -7.12631578947368 5.70526315789474 -5.63157894736842 -2.98947368421053 -0.615789473684212 6.96315789473685 1.9
-0.4 -3.2 -3.9 1.8 -4.5 4.2 3.8 1.8 -3.5 1.8 1.9 -0.8 -3.5 4.2 -3.5 -1.6 -0.7 -3.5 4.2 1.9
-0.8 -3.2 -3.9 1.8 -4.5 4.2 3.8 1.8 -3.5 1.8 1.9 -0.8 -3.5 1.8 -3.5 -3.5 -0.7 -0.7 4.5 1.9
-0.8 -3.2 -3.9 1.8 -4.5 4.2 3.8 1.8 -3.5 1.8 1.9 -0.8 -3.5 1.8 -3.5 -3.5 1.8 -0.8 4.2 1.9
-0.4 -3.2 -3.9 1.8 -4.5 4.2 3.8 1.8 -3.5 1.8 1.9 -0.8 -3.5 4.2 -3.5 -3.5 -0.7 -3.5 4.2 1.9
-0.8 -3.2 -3.9 1.8 -4.5 4.2 3.8 1.8 -3.5 1.8 1.9 -0.8 -0.8 1.8 -3.5 -3.5 1.8 -3.5 4.5 1.9
-0.4 -3.2 -3.9 1.8 -4.5 4.2 3.8 1.8 -3.5 1.8 1.9 -0.8 -3.5 4.2 -3.5 -3.5 -0.7 -3.5 4.5 1.9
-0.8 -3.2 -3.9 1.8 -4.5 4.2 3.8 1.8 -3.5 1.8 1.9 -0.8 -3.5 4.2 -3.5 -3.5 -1.6 -0.4 4.5 1.9
-0.8 -3.2 -3.9 1.8 -4.5 4.2 3.8 1.8 -3.5 1.8 1.9 -0.8 -3.5 1.8 -3.5 -3.5 -0.8 -3.5 4.2 1.9
-0.8 -3.2 -3.9 1.8 -4.5 4.2 3.8 1.8 -3.5 1.8 1.9 -0.8 -3.5 4.2 -3.5 -3.2 -0.7 -3.5 4.5 1.9
-0.4 -2.53684210526316 -9 7.10526315789474 -11.3684210526316 4.49473684210526 5.16842105263158 5.14736842105263 -6.56842105263158 1.74736842105263 3.17894736842106 -1.89473684210527 0.915789473684211 5.74736842105263 0.036842105263159 -4.06842105263158 -1.21052631578948 2.06315789473684 -0.973684210526323 1.9
-0.4 -2.53684210526316 -9 7.10526315789474 -11.3684210526316 4.49473684210526 5.16842105263158 5.14736842105263 -6.56842105263158 1.74736842105263 3.17894736842106 0.210526315789477 -5.92631578947368 5.74736842105263 0.036842105263159 -4.06842105263158 -1.21052631578948 2.06315789473684 -0.973684210526323 1.9
-0.4 -2.53684210526316 -9 7.10526315789474 -11.3684210526316 4.49473684210526 5.16842105263158 5.14736842105263 -6.56842105263158 1.74736842105263 3.17894736842106 0.336842105263161 -6.33684210526316 4.95789473684211 3.19473684210527 -4.06842105263158 -1.21052631578948 2.06315789473684 -0.973684210526323 1.9
-0.4 -3.2 -3.9 1.8 -4.5 4.2 3.8 1.8 -3.5 1.8 1.9 -0.8 -3.5 4.5 -3.5 -1.6 1.8 -0.7 4.2 1.9
-0.4 -3.2 -3.9 1.8 -4.5 4.2 3.8 1.8 -3.5 1.8 1.9 2.5 -3.5 1.8 -3.5 -0.8 -3.5 -0.7 4.5 1.9
-0.4 -3.2 -3.9 1.8 -4.5 4.2 3.8 1.8 -3.5 1.8 1.9 -0.8 -3.5 4.5 -3.5 -0.8 1.8 -0.7 4.2 1.9
-0.4 -2.53684210526316 -9 7.10526315789474 -11.3684210526316 4.49473684210526 5.16842105263158 5.14736842105263 -6.56842105263158 1.74736842105263 3.17894736842106 0.336842105263161 -5.48947368421052 2.72105263157895 0.036842105263159 -4.06842105263158 -1.21052631578948 2.06315789473684 -0.7 1.9
-0.8 -2.53684210526316 -9 7.10526315789474 -11.6052631578947 5.01578947368421 5.16842105263158 5.14736842105263 -6.56842105263158 1.74736842105263 3.17894736842106 0.336842105263161 -6.33684210526316 5.74736842105263 0.036842105263159 -4.06842105263158 -1.21052631578948 2.06315789473684 -0.973684210526323 1.9
-0.4 -2.53684210526316 -9 7.10526315789474 -11.3684210526316 4.49473684210526 5.16842105263158 5.14736842105263 -6.56842105263158 1.74736842105263 3.17894736842106 0.336842105263161 -5.45263157894737 2.58947368421053 -1.35789473684211 2.34736842105263 -0.373684210526313 -4.31052631578947 4.18421052631579 1.9
-0.4 -3.2 -3.9 1.8 -4.5 4.2 3.8 1.8 -3.5 1.8 1.9 -0.8 -3.5 1.8 -3.5 -0.8 -0.8 -0.8 4.5 1.9
-0.4 -2.53684210526316 -9 7.10526315789474 -11.3684210526316 4.49473684210526 5.16842105263158 5.14736842105263 -6.56842105263158 1.74736842105263 3.17894736842106 0.336842105263161 -6.33684210526316 5.74736842105263 0.036842105263159 -4.61578947368421 2.14736842105263 -0.63157894736842 1.6578947368421 1.9
-0.8 -3.2 -3.9 1.8 -4.5 4.5 3.8 1.8 -3.5 1.8 1.9 -0.8 -3.5 1.8 -3.5 -0.8 1.8 1.8 4.5 1.9
-0.4 -3.2 -3.9 1.8 -4.5 4.5 3.8 1.8 -3.5 1.8 1.9 -0.8 -3.5 1.8 -0.7 -0.8 1.8 1.8 4.5 1.9
-0.4 -2.53684210526316 -9 7.10526315789474 -11.3684210526316 4.49473684210526 5.16842105263158 5.14736842105263 -6.56842105263158 1.74736842105263 3.17894736842106 0.336842105263161 -6.33684210526316 5.74736842105263 0.036842105263159 -4.06842105263158 -1.21052631578948 1.8 1.6578947368421 1.9
-0.8 -3.2 -3.9 1.8 -4.5 4.2 3.8 1.8 -3.5 1.8 1.9 -0.8 -3.5 1.8 -3.2 -0.8 1.8 -0.7 4.5 1.9
-0.8 -3.2 -3.9 1.8 -4.5 4.2 3.8 1.8 -3.5 1.8 1.9 -0.8 -3.5 1.8 -3.5 -0.8 1.8 -0.7 4.5 1.9
-0.4 -2.53684210526316 -9 7.10526315789474 -11.3684210526316 4.49473684210526 5.16842105263158 5.14736842105263 -6.56842105263158 1.74736842105263 3.17894736842106 0.336842105263161 -5.45263157894737 2.58947368421053 0.036842105263159 -4.06842105263158 -1.21052631578948 1.8 1.6578947368421 1.9
-0.4 -2.53684210526316 -9 7.10526315789474 -11.3684210526316 4.49473684210526 5.16842105263158 5.14736842105263 -6.56842105263158 1.74736842105263 3.17894736842106 0.336842105263161 -5.45263157894737 2.62105263157895 -0.826315789473684 -0.678947368421053 -0.373684210526313 -3.79473684210526 -0.957894736842112 1.9
-0.4 -2.53684210526316 -9 7.10526315789474 -11.3684210526316 4.49473684210526 5.16842105263158 5.14736842105263 -6.56842105263158 1.74736842105263 3.17894736842106 0.336842105263161 -5.45263157894737 2.62105263157895 -0.826315789473684 -0.678947368421053 -0.815789473684211 -0.7 -0.957894736842112 1.9
-0.4 -2.53684210526316 -9 7.10526315789474 -11.3684210526316 4.49473684210526 5.16842105263158 5.14736842105263 -6.56842105263158 1.74736842105263 3.17894736842106 0.336842105263161 -5.45263157894737 2.62105263157895 -0.826315789473684 -0.678947368421053 -0.815789473684211 -0.7 -0.973684210526323 1.9
-0.4 -2.53684210526316 -9 7.10526315789474 -11.3684210526316 4.49473684210526 5.16842105263158 5.14736842105263 -6.56842105263158 1.74736842105263 3.17894736842106 0.336842105263161 -5.45263157894737 2.62105263157895 -1.48421052631579 2.34736842105263 -0.815789473684211 -0.7 -0.957894736842112 1.9
-0.4 -2.53684210526316 -9 7.10526315789474 -11.3684210526316 4.49473684210526 5.16842105263158 5.14736842105263 -6.56842105263158 1.74736842105263 3.17894736842106 0.336842105263161 -5.45263157894737 2.62105263157895 -1.48421052631579 2.34736842105263 -0.815789473684211 -0.7 -0.973684210526323 1.9
-0.4 -2.53684210526316 -9 7.10526315789474 -11.3684210526316 4.49473684210526 5.16842105263158 5.14736842105263 -6.56842105263158 1.74736842105263 3.17894736842106 0.336842105263161 -5.45263157894737 2.62105263157895 -1.48421052631579 2.34736842105263 -0.373684210526313 -3.79473684210526 -0.957894736842112 1.9
-0.4 -2.53684210526316 -9 7.10526315789474 -11.3684210526316 4.49473684210526 5.16842105263158 5.14736842105263 -6.56842105263158 1.74736842105263 2.98947368421053 0.905263157894741 -5.48947368421052 2.72105263157895 0.036842105263159 -4.08947368421053 -1.09473684210527 2.06315789473684 -0.973684210526323 1.9
-0.8 -2.53684210526316 -9 7.10526315789474 -11.3684210526316 4.49473684210526 5.16842105263158 5.14736842105263 -6.56842105263158 1.74736842105263 3.17894736842106 0.336842105263161 -5.45263157894737 2.58947368421053 -0.7 -0.510526315789473 -2.13684210526316 1.8 1.6578947368421 1.9
-0.8 -2.53684210526316 -9 7.10526315789474 -11.3684210526316 4.49473684210526 5.16842105263158 5.14736842105263 -6.56842105263158 1.74736842105263 3.17894736842106 0.336842105263161 -5.45263157894737 3.47368421052632 -4.21052631578947 -0.8 -1.21052631578948 2.3578947368421 -3.7842105263158 1.9
-0.4 -2.53684210526316 -9 7.10526315789474 -11.3684210526316 4.49473684210526 5.16842105263158 5.14736842105263 -6.56842105263158 1.74736842105263 3.17894736842106 0.336842105263161 -5.45263157894737 2.58947368421053 -0.673684210526316 -0.631578947368421 -1.7421052631579 -0.963157894736841 1.6578947368421 1.9
-0.4 -2.53684210526316 -9 7.10526315789474 -11.3684210526316 4.49473684210526 5.16842105263158 5.14736842105263 -6.56842105263158 1.74736842105263 3.17894736842106 0.336842105263161 -5.45263157894737 2.58947368421053 -0.673684210526316 -0.631578947368421 -1.7421052631579 -0.7 -0.836842105263162 1.9
-0.4 -2.53684210526316 -9 7.10526315789474 -11.3684210526316 4.49473684210526 5.16842105263158 5.14736842105263 -6.56842105263158 1.74736842105263 3.17894736842106 0.336842105263161 -5.45263157894737 2.58947368421053 -0.673684210526316 -0.631578947368421 -1.7421052631579 -0.7 -0.973684210526323 1.9
-0.4 -2.53684210526316 -9 7.10526315789474 -11.3684210526316 4.49473684210526 5.16842105263158 5.14736842105263 -6.56842105263158 1.74736842105263 3.17894736842106 0.336842105263161 -5.45263157894737 2.58947368421053 -0.673684210526316 -0.631578947368421 -1.72631578947368 -1.07368421052631 1.79473684210526 1.9
-0.4 -2.53684210526316 -9 7.10526315789474 -11.3684210526316 4.49473684210526 5.16842105263158 5.14736842105263 -6.56842105263158 1.74736842105263 3.17894736842106 0.336842105263161 -5.45263157894737 2.58947368421053 -0.673684210526316 -0.631578947368421 -1.72631578947368 -1.07368421052631 1.6578947368421 1.9
-0.4 -2.53684210526316 -9 7.10526315789474 -11.3684210526316 4.49473684210526 5.16842105263158 5.14736842105263 -6.56842105263158 1.74736842105263 3.17894736842106 0.336842105263161 -5.45263157894737 2.58947368421053 -0.673684210526316 -0.631578947368421 -1.72631578947368 -0.810526315789474 -0.836842105263162 1.9
-0.4 -2.53684210526316 -9 7.10526315789474 -11.3684210526316 4.49473684210526 5.16842105263158 5.14736842105263 -6.56842105263158 1.74736842105263 3.17894736842106 0.336842105263161 -5.45263157894737 2.58947368421053 -0.673684210526316 -0.631578947368421 -1.72631578947368 -0.810526315789474 -0.973684210526323 1.9
-0.4 -2.53684210526316 -9 7.10526315789474 -11.3684210526316 4.49473684210526 5.16842105263158 5.14736842105263 -6.56842105263158 1.74736842105263 3.17894736842106 0.336842105263161 -5.45263157894737 2.58947368421053 -0.673684210526316 -0.821052631578947 -1.09473684210527 1.8 1.79473684210526 1.9
-0.4 -2.53684210526316 -9 7.10526315789474 -11.3684210526316 4.49473684210526 5.16842105263158 5.14736842105263 -6.56842105263158 1.74736842105263 3.17894736842106 0.336842105263161 -5.45263157894737 2.58947368421053 -0.673684210526316 -0.821052631578947 -1.09473684210527 1.8 1.6578947368421 1.9
-0.4 -2.53684210526316 -9 7.10526315789474 -11.3684210526316 4.49473684210526 5.16842105263158 5.14736842105263 -6.56842105263158 1.74736842105263 3.17894736842106 0.336842105263161 -5.45263157894737 2.58947368421053 -0.673684210526316 -0.821052631578947 -1.09473684210527 2.06315789473684 -0.836842105263162 1.9
-0.4 -2.53684210526316 -9 7.10526315789474 -11.3684210526316 4.49473684210526 5.16842105263158 5.14736842105263 -6.56842105263158 1.74736842105263 3.17894736842106 0.336842105263161 -5.45263157894737 2.58947368421053 -0.673684210526316 -0.631578947368421 -2.13684210526316 1.8 1.6578947368421 1.9
-0.4 -2.53684210526316 -9 7.10526315789474 -11.3684210526316 4.49473684210526 5.16842105263158 5.14736842105263 -6.56842105263158 1.74736842105263 3.17894736842106 0.336842105263161 -5.45263157894737 2.58947368421053 -0.673684210526316 -0.821052631578947 -1.09473684210527 2.06315789473684 -0.973684210526323 1.9
-0.4 -2.53684210526316 -9 7.10526315789474 -11.3684210526316 4.49473684210526 5.16842105263158 5.14736842105263 -6.56842105263158 1.74736842105263 3.17894736842106 0.336842105263161 -5.45263157894737 2.58947368421053 -0.673684210526316 -0.821052631578947 -0.747368421052632 -0.63157894736842 1.79473684210526 1.9
-0.4 -2.53684210526316 -9 7.10526315789474 -11.3684210526316 4.49473684210526 5.16842105263158 5.14736842105263 -6.56842105263158 1.74736842105263 3.17894736842106 0.336842105263161 -5.45263157894737 2.58947368421053 -0.673684210526316 -0.821052631578947 -0.747368421052632 -0.63157894736842 1.6578947368421 1.9
-0.4 -2.53684210526316 -9 7.10526315789474 -11.3684210526316 4.49473684210526 5.16842105263158 5.14736842105263 -6.56842105263158 1.74736842105263 3.17894736842106 0.336842105263161 -5.45263157894737 2.58947368421053 -0.673684210526316 -0.821052631578947 -0.747368421052632 -0.368421052631579 -0.836842105263162 1.9
-0.4 -2.53684210526316 -9 7.10526315789474 -11.3684210526316 4.49473684210526 5.16842105263158 5.14736842105263 -6.56842105263158 1.74736842105263 3.17894736842106 0.336842105263161 -5.45263157894737 2.58947368421053 -0.673684210526316 -0.821052631578947 -0.747368421052632 -0.368421052631579 -0.973684210526323 1.9
-0.4 -2.53684210526316 -9 7.10526315789474 -11.3684210526316 4.49473684210526 5.16842105263158 5.14736842105263 -6.56842105263158 1.74736842105263 3.17894736842106 0.336842105263161 -5.45263157894737 2.58947368421053 -0.673684210526316 -0.821052631578947 -0.7 -0.963157894736841 1.79473684210526 1.9
-0.4 -2.53684210526316 -9 7.10526315789474 -11.3684210526316 4.49473684210526 5.16842105263158 5.14736842105263 -6.56842105263158 1.74736842105263 3.17894736842106 0.336842105263161 -5.45263157894737 2.58947368421053 -0.673684210526316 -0.821052631578947 -0.7 -0.963157894736841 1.6578947368421 1.9
-0.4 -2.53684210526316 -9 7.10526315789474 -11.3684210526316 4.49473684210526 5.16842105263158 5.14736842105263 -6.56842105263158 1.74736842105263 3.17894736842106 0.336842105263161 -5.45263157894737 2.58947368421053 -0.673684210526316 -0.821052631578947 -0.7 -0.7 -0.836842105263162 1.9
-0.4 -2.53684210526316 -9 7.10526315789474 -11.3684210526316 4.49473684210526 5.16842105263158 5.14736842105263 -6.56842105263158 1.74736842105263 3.17894736842106 0.336842105263161 -5.45263157894737 2.58947368421053 -0.673684210526316 -0.821052631578947 -0.7 -0.7 -0.973684210526323 1.9
-0.4 -2.53684210526316 -9 7.10526315789474 -11.3684210526316 4.49473684210526 5.16842105263158 5.14736842105263 -6.56842105263158 1.74736842105263 3.17894736842106 0.336842105263161 -5.45263157894737 2.58947368421053 -0.673684210526316 -0.821052631578947 -0.684210526315789 -1.07368421052631 1.79473684210526 1.9
-0.4 -2.53684210526316 -9 7.10526315789474 -11.3684210526316 4.49473684210526 5.16842105263158 5.14736842105263 -6.56842105263158 1.74736842105263 3.17894736842106 0.336842105263161 -5.45263157894737 2.58947368421053 -0.673684210526316 -0.631578947368421 -2.13684210526316 2.06315789473684 -0.836842105263162 1.9
-0.4 -2.53684210526316 -9 7.10526315789474 -11.3684210526316 4.49473684210526 5.16842105263158 5.14736842105263 -6.56842105263158 1.74736842105263 3.17894736842106 0.336842105263161 -5.45263157894737 2.58947368421053 -0.673684210526316 -0.821052631578947 -0.684210526315789 -1.07368421052631 1.6578947368421 1.9
-0.4 -2.53684210526316 -9 7.10526315789474 -11.3684210526316 4.49473684210526 5.16842105263158 5.14736842105263 -6.56842105263158 1.74736842105263 3.17894736842106 0.336842105263161 -5.45263157894737 2.58947368421053 -0.673684210526316 -0.821052631578947 -0.684210526315789 -0.810526315789474 -0.836842105263162 1.9
-0.4 -2.53684210526316 -9 7.10526315789474 -11.3684210526316 4.49473684210526 5.16842105263158 5.14736842105263 -6.56842105263158 1.74736842105263 3.17894736842106 0.336842105263161 -5.45263157894737 2.58947368421053 -0.673684210526316 -0.821052631578947 -0.684210526315789 -0.810526315789474 -0.973684210526323 1.9
-0.4 -2.53684210526316 -9 7.10526315789474 -11.3684210526316 4.49473684210526 5.16842105263158 5.14736842105263 -6.56842105263158 1.74736842105263 3.17894736842106 0.336842105263161 -5.45263157894737 2.58947368421053 -0.673684210526316 -0.231578947368419 -4.33684210526316 1.8 1.79473684210526 1.9
-0.4 -2.53684210526316 -9 7.10526315789474 -11.3684210526316 4.49473684210526 5.16842105263158 5.14736842105263 -6.56842105263158 1.74736842105263 3.17894736842106 0.336842105263161 -5.45263157894737 2.58947368421053 -0.673684210526316 -0.231578947368419 -4.33684210526316 1.8 1.6578947368421 1.9
-0.4 -2.53684210526316 -9 7.10526315789474 -11.3684210526316 4.49473684210526 5.16842105263158 5.14736842105263 -6.56842105263158 1.74736842105263 3.17894736842106 0.336842105263161 -5.45263157894737 2.58947368421053 -0.673684210526316 -0.231578947368419 -4.33684210526316 2.06315789473684 -0.836842105263162 1.9
-0.4 -2.53684210526316 -9 7.10526315789474 -11.3684210526316 4.49473684210526 5.16842105263158 5.14736842105263 -6.56842105263158 1.74736842105263 3.17894736842106 0.336842105263161 -5.45263157894737 2.58947368421053 -0.673684210526316 -0.231578947368419 -4.33684210526316 2.06315789473684 -0.973684210526323 1.9
-0.4 -2.53684210526316 -9 7.10526315789474 -11.3684210526316 4.49473684210526 5.16842105263158 5.14736842105263 -6.56842105263158 1.74736842105263 3.17894736842106 0.336842105263161 -5.45263157894737 2.58947368421053 -0.673684210526316 -0.231578947368419 -3.98947368421053 -0.63157894736842 1.79473684210526 1.9
-0.4 -2.53684210526316 -9 7.10526315789474 -11.3684210526316 4.49473684210526 5.16842105263158 5.14736842105263 -6.56842105263158 1.74736842105263 3.17894736842106 0.336842105263161 -5.45263157894737 2.58947368421053 -0.673684210526316 -0.231578947368419 -3.98947368421053 -0.63157894736842 1.6578947368421 1.9
-0.4 -2.53684210526316 -9 7.10526315789474 -11.3684210526316 4.49473684210526 5.16842105263158 5.14736842105263 -6.56842105263158 1.74736842105263 3.17894736842106 0.336842105263161 -5.45263157894737 2.58947368421053 -0.673684210526316 -0.231578947368419 -3.98947368421053 -0.368421052631579 -0.836842105263162 1.9
-0.4 -2.53684210526316 -9 7.10526315789474 -11.3684210526316 4.49473684210526 5.16842105263158 5.14736842105263 -6.56842105263158 1.74736842105263 3.17894736842106 0.336842105263161 -5.45263157894737 2.58947368421053 -0.673684210526316 -0.631578947368421 -2.13684210526316 2.06315789473684 -0.973684210526323 1.9
-0.4 -2.53684210526316 -9 7.10526315789474 -11.3684210526316 4.49473684210526 5.16842105263158 5.14736842105263 -6.56842105263158 1.74736842105263 3.17894736842106 0.336842105263161 -5.45263157894737 2.58947368421053 -0.673684210526316 -0.231578947368419 -3.98947368421053 -0.368421052631579 -0.973684210526323 1.9
-0.4 -2.53684210526316 -9 7.10526315789474 -11.3684210526316 4.49473684210526 5.16842105263158 5.14736842105263 -6.56842105263158 1.74736842105263 3.17894736842106 0.336842105263161 -5.45263157894737 2.58947368421053 -0.673684210526316 -0.231578947368419 -3.9421052631579 -0.963157894736841 1.79473684210526 1.9
-0.4 -2.53684210526316 -9 7.10526315789474 -11.3684210526316 4.49473684210526 5.16842105263158 5.14736842105263 -6.56842105263158 1.74736842105263 3.17894736842106 0.336842105263161 -5.45263157894737 2.58947368421053 -0.673684210526316 -0.231578947368419 -3.9421052631579 -0.963157894736841 1.6578947368421 1.9
-0.4 -2.53684210526316 -9 7.10526315789474 -11.3684210526316 4.49473684210526 5.16842105263158 5.14736842105263 -6.56842105263158 1.74736842105263 3.17894736842106 0.336842105263161 -5.45263157894737 2.58947368421053 -0.673684210526316 -0.231578947368419 -3.9421052631579 -0.7 -0.836842105263162 1.9
-0.4 -2.53684210526316 -9 7.10526315789474 -11.3684210526316 4.49473684210526 5.16842105263158 5.14736842105263 -6.56842105263158 1.74736842105263 3.17894736842106 0.336842105263161 -5.45263157894737 2.58947368421053 -0.673684210526316 -0.231578947368419 -3.9421052631579 -0.7 -0.973684210526323 1.9
-0.4 -2.53684210526316 -9 7.10526315789474 -11.3684210526316 4.49473684210526 5.16842105263158 5.14736842105263 -6.56842105263158 1.74736842105263 3.17894736842106 0.336842105263161 -5.45263157894737 2.58947368421053 -0.673684210526316 -0.231578947368419 -3.92631578947369 -1.07368421052631 1.79473684210526 1.9
-0.4 -2.53684210526316 -9 7.10526315789474 -11.3684210526316 4.49473684210526 5.16842105263158 5.14736842105263 -6.56842105263158 1.74736842105263 3.17894736842106 0.336842105263161 -5.45263157894737 2.58947368421053 -0.673684210526316 -0.231578947368419 -3.92631578947369 -1.07368421052631 1.6578947368421 1.9
-0.4 -2.53684210526316 -9 7.10526315789474 -11.3684210526316 4.49473684210526 5.16842105263158 5.14736842105263 -6.56842105263158 1.74736842105263 3.17894736842106 0.336842105263161 -5.45263157894737 2.58947368421053 -0.673684210526316 -0.231578947368419 -3.92631578947369 -0.810526315789474 -0.836842105263162 1.9
-0.4 -2.53684210526316 -9 7.10526315789474 -11.3684210526316 4.49473684210526 5.16842105263158 5.14736842105263 -6.56842105263158 1.74736842105263 3.17894736842106 0.336842105263161 -5.45263157894737 2.58947368421053 -0.673684210526316 -0.231578947368419 -3.92631578947369 -0.810526315789474 -0.973684210526323 1.9
-0.4 -2.53684210526316 -9 7.10526315789474 -11.3684210526316 4.49473684210526 5.16842105263158 5.14736842105263 -6.56842105263158 1.74736842105263 3.17894736842106 0.336842105263161 -5.45263157894737 2.58947368421053 -0.673684210526316 -0.14736842105263 -4.80000000000001 1.8 1.79473684210526 1.9
-0.4 -2.53684210526316 -9 7.10526315789474 -11.3684210526316 4.49473684210526 5.16842105263158 5.14736842105263 -6.56842105263158 1.74736842105263 3.17894736842106 0.336842105263161 -5.45263157894737 2.58947368421053 -0.673684210526316 -0.631578947368421 -1.78947368421053 -0.63157894736842 1.79473684210526 1.9
-0.4 -2.53684210526316 -9 7.10526315789474 -11.3684210526316 4.49473684210526 5.16842105263158 5.14736842105263 -6.56842105263158 1.74736842105263 3.17894736842106 0.336842105263161 -5.45263157894737 2.58947368421053 -0.673684210526316 -0.14736842105263 -4.80000000000001 1.8 1.6578947368421 1.9
-0.4 -2.53684210526316 -9 7.10526315789474 -11.3684210526316 4.49473684210526 5.16842105263158 5.14736842105263 -6.56842105263158 1.74736842105263 3.17894736842106 0.336842105263161 -5.45263157894737 2.58947368421053 -0.673684210526316 -0.14736842105263 -4.80000000000001 2.06315789473684 -0.836842105263162 1.9
-0.4 -2.53684210526316 -9 7.10526315789474 -11.3684210526316 4.49473684210526 5.16842105263158 5.14736842105263 -6.56842105263158 1.74736842105263 3.17894736842106 0.336842105263161 -5.45263157894737 2.58947368421053 -0.673684210526316 -0.14736842105263 -4.80000000000001 2.06315789473684 -0.973684210526323 1.9
-0.4 -2.53684210526316 -9 7.10526315789474 -11.3684210526316 4.49473684210526 5.16842105263158 5.14736842105263 -6.56842105263158 1.74736842105263 3.17894736842106 0.336842105263161 -5.45263157894737 2.58947368421053 -0.673684210526316 -0.14736842105263 -4.45263157894737 -0.63157894736842 1.79473684210526 1.9
-0.4 -2.53684210526316 -9 7.10526315789474 -11.3684210526316 4.49473684210526 5.16842105263158 5.14736842105263 -6.56842105263158 1.74736842105263 3.17894736842106 0.336842105263161 -5.45263157894737 2.58947368421053 -0.673684210526316 -0.14736842105263 -4.45263157894737 -0.63157894736842 1.6578947368421 1.9
-0.4 -2.53684210526316 -9 7.10526315789474 -11.3684210526316 4.49473684210526 5.16842105263158 5.14736842105263 -6.56842105263158 1.74736842105263 3.17894736842106 0.336842105263161 -5.45263157894737 2.58947368421053 -0.673684210526316 -0.14736842105263 -4.45263157894737 -0.368421052631579 -0.836842105263162 1.9
-0.4 -2.53684210526316 -9 7.10526315789474 -11.3684210526316 4.49473684210526 5.16842105263158 5.14736842105263 -6.56842105263158 1.74736842105263 3.17894736842106 0.336842105263161 -5.45263157894737 2.58947368421053 -0.673684210526316 -0.14736842105263 -4.45263157894737 -0.368421052631579 -0.973684210526323 1.9
-0.4 -2.53684210526316 -9 7.10526315789474 -11.3684210526316 4.49473684210526 5.16842105263158 5.14736842105263 -6.56842105263158 1.74736842105263 3.17894736842106 0.336842105263161 -5.45263157894737 2.58947368421053 -0.673684210526316 -0.14736842105263 -4.40526315789474 -0.963157894736841 1.79473684210526 1.9
-0.4 -2.53684210526316 -9 7.10526315789474 -11.3684210526316 4.49473684210526 5.16842105263158 5.14736842105263 -6.56842105263158 1.74736842105263 3.17894736842106 0.336842105263161 -5.45263157894737 2.58947368421053 -0.673684210526316 -0.14736842105263 -4.40526315789474 -0.963157894736841 1.6578947368421 1.9
-0.4 -2.53684210526316 -9 7.10526315789474 -11.3684210526316 4.49473684210526 5.16842105263158 5.14736842105263 -6.56842105263158 1.74736842105263 3.17894736842106 0.336842105263161 -5.45263157894737 2.58947368421053 -0.673684210526316 -0.14736842105263 -4.40526315789474 -0.7 -0.836842105263162 1.9
-0.4 -2.53684210526316 -9 7.10526315789474 -11.3684210526316 4.49473684210526 5.16842105263158 5.14736842105263 -6.56842105263158 1.74736842105263 3.17894736842106 0.336842105263161 -5.45263157894737 2.58947368421053 -0.673684210526316 -0.631578947368421 -1.78947368421053 -0.63157894736842 1.6578947368421 1.9
-0.4 -2.53684210526316 -9 7.10526315789474 -11.3684210526316 4.49473684210526 5.16842105263158 5.14736842105263 -6.56842105263158 1.74736842105263 3.17894736842106 0.336842105263161 -5.45263157894737 2.58947368421053 -0.673684210526316 -0.14736842105263 -4.40526315789474 -0.7 -0.973684210526323 1.9
-0.4 -2.53684210526316 -9 7.10526315789474 -11.3684210526316 4.49473684210526 5.16842105263158 5.14736842105263 -6.56842105263158 1.74736842105263 3.17894736842106 0.336842105263161 -5.45263157894737 2.58947368421053 -0.673684210526316 -0.14736842105263 -4.38947368421053 -1.07368421052631 1.79473684210526 1.9
-0.4 -2.53684210526316 -9 7.10526315789474 -11.3684210526316 4.49473684210526 5.16842105263158 5.14736842105263 -6.56842105263158 1.74736842105263 3.17894736842106 0.336842105263161 -5.45263157894737 2.58947368421053 -0.673684210526316 -0.14736842105263 -4.38947368421053 -1.07368421052631 1.6578947368421 1.9
-0.4 -2.53684210526316 -9 7.10526315789474 -11.3684210526316 4.49473684210526 5.16842105263158 5.14736842105263 -6.56842105263158 1.74736842105263 3.17894736842106 0.336842105263161 -5.45263157894737 2.58947368421053 -0.673684210526316 -0.14736842105263 -4.38947368421053 -0.810526315789474 -0.836842105263162 1.9
-0.4 -2.53684210526316 -9 7.10526315789474 -11.3684210526316 4.49473684210526 5.16842105263158 5.14736842105263 -6.56842105263158 1.74736842105263 3.17894736842106 0.336842105263161 -5.45263157894737 2.58947368421053 -0.673684210526316 -0.14736842105263 -4.38947368421053 -0.810526315789474 -0.973684210526323 1.9
-0.4 -2.53684210526316 -9 7.10526315789474 -11.3684210526316 4.49473684210526 5.16842105263158 5.14736842105263 -6.56842105263158 1.74736842105263 3.17894736842106 0.336842105263161 -5.45263157894737 2.58947368421053 -0.673684210526316 -0.631578947368421 -1.78947368421053 -0.368421052631579 -0.836842105263162 1.9
-0.4 -2.53684210526316 -9 7.10526315789474 -11.3684210526316 4.49473684210526 5.16842105263158 5.14736842105263 -6.56842105263158 1.74736842105263 3.17894736842106 0.336842105263161 -5.45263157894737 2.58947368421053 -0.673684210526316 -0.631578947368421 -1.78947368421053 -0.368421052631579 -0.973684210526323 1.9
-0.4 -2.53684210526316 -9 7.10526315789474 -11.3684210526316 4.49473684210526 5.16842105263158 5.14736842105263 -6.56842105263158 1.74736842105263 3.17894736842106 0.336842105263161 -5.45263157894737 2.58947368421053 -0.673684210526316 -0.631578947368421 -1.7421052631579 -0.963157894736841 1.79473684210526 1.9
-0.4 -2.53684210526316 -9 7.10526315789474 -11.3684210526316 4.49473684210526 5.16842105263158 5.14736842105263 -6.56842105263158 1.74736842105263 3.17894736842106 0.336842105263161 -5.45263157894737 2.58947368421053 -0.673684210526316 -0.631578947368421 -2.13684210526316 1.8 1.79473684210526 1.9
-0.8 -2.53684210526316 -9 7.10526315789474 -11.6052631578947 5.01578947368421 5.16842105263158 5.14736842105263 -6.56842105263158 1.74736842105263 3.17894736842106 0.336842105263161 -6.33684210526316 5.74736842105263 0.036842105263159 -4.06842105263158 -1.21052631578948 1.8 1.6578947368421 1.9
-0.8 -2.53684210526316 -9 7.10526315789474 -11.3684210526316 4.49473684210526 5.16842105263158 5.14736842105263 -6.56842105263158 1.74736842105263 3.17894736842106 0.336842105263161 -6.33684210526316 5.74736842105263 -1.35789473684211 2.34736842105263 -0.815789473684211 -0.405263157894738 -3.92105263157896 1.9
-0.4 -2.53684210526316 -9 7.10526315789474 -11.3684210526316 4.49473684210526 5.16842105263158 5.14736842105263 -6.56842105263158 1.74736842105263 3.17894736842106 0.336842105263161 -5.45263157894737 2.58947368421053 0.036842105263159 -4.61578947368421 2.19473684210527 -0.7 -0.973684210526323 1.9
-0.8 -3.2 -3.9 1.8 -4.5 4.2 3.8 1.8 -3.5 1.8 1.9 2.5 -3.5 1.8 -3.5 -0.8 -0.7 -0.7 4.2 1.9
-0.4 -3.2 -3.9 1.8 -4.5 4.2 3.8 1.8 -3.5 1.8 1.9 -0.8 -3.9 4.2 -3.5 -3.5 -0.7 -3.5 4.5 1.9
-0.8 -3.2 -3.9 1.8 -4.5 4.5 3.8 1.8 -3.5 1.8 1.9 -0.8 -3.5 1.8 -3.5 -3.2 -0.7 -3.5 4.5 1.9
-0.8 -3.2 -3.9 1.8 -4.5 4.2 3.8 1.8 -3.5 1.8 1.9 -0.8 -3.5 -0.7 -3.5 -0.8 -0.7 4.5 3.8 1.9
-0.8 -2.53684210526316 -9 7.10526315789474 -11.3684210526316 4.49473684210526 5.16842105263158 5.14736842105263 -6.56842105263158 1.74736842105263 3.17894736842106 0.336842105263161 -4.53157894736842 -0.7 -0.673684210526316 -0.821052631578947 -0.257894736842103 -4.34210526315789 4.53684210526316 1.9
-0.4 -2.53684210526316 -9 7.10526315789474 -11.3684210526316 4.49473684210526 4.48421052631579 6.77894736842105 -6.56842105263158 1.74736842105263 3.17894736842106 0.336842105263161 -6.33684210526316 5.74736842105263 0.036842105263159 -4.06842105263158 -1.21052631578948 2.06315789473684 -0.973684210526323 1.9
-0.4 -2.53684210526316 -9 7.10526315789474 -11.3684210526316 4.49473684210526 3.32105263157895 9.55263157894737 -6.56842105263158 1.74736842105263 3.17894736842106 0.336842105263161 -6.33684210526316 5.74736842105263 0.036842105263159 -4.06842105263158 -1.21052631578948 2.06315789473684 -0.973684210526323 1.9
-0.4 -2.53684210526316 -9 7.10526315789474 -11.3684210526316 4.49473684210526 3.8 8.41052631578948 -6.56842105263158 1.74736842105263 3.17894736842106 0.336842105263161 -6.33684210526316 5.74736842105263 0.036842105263159 -4.06842105263158 -1.21052631578948 2.06315789473684 -0.973684210526323 1.9
-0.4 -2.53684210526316 -9 7.10526315789474 -11.3684210526316 4.49473684210526 5.1 5.31052631578947 -6.56842105263158 1.74736842105263 3.17894736842106 0.336842105263161 -6.33684210526316 5.74736842105263 0.036842105263159 -4.06842105263158 -1.21052631578948 2.06315789473684 -0.973684210526323 1.9
-0.4 -2.53684210526316 -9 7.10526315789474 -11.3684210526316 4.49473684210526 3.52631578947368 9.06315789473684 -6.56842105263158 1.74736842105263 3.17894736842106 0.336842105263161 -6.33684210526316 5.74736842105263 0.036842105263159 -4.06842105263158 -1.21052631578948 2.06315789473684 -0.973684210526323 1.9
-0.4 -3.2 -3.9 1.8 -4.5 4.2 3.8 1.8 -3.5 1.8 1.9 -0.8 4.2 -0.7 -3.5 -0.8 1.8 -0.7 4.5 1.9
-0.4 -3.2 -3.9 1.8 -4.5 4.2 3.8 1.8 -3.5 1.8 1.9 -0.8 -3.5 4.2 -3.5 -0.8 1.8 -0.7 4.5 1.9
-0.4 -3.2 -3.9 1.8 -4.5 4.2 3.8 1.8 -3.5 1.8 1.9 -0.8 -3.5 -0.7 -3.5 -0.8 1.8 -0.7 4.5 1.9
-0.4 1.16315789473684 -9 7.10526315789474 -11.3684210526316 4.49473684210526 5.16842105263158 5.14736842105263 -6.56842105263158 1.74736842105263 3.17894736842106 0.336842105263161 -6.33684210526316 5.74736842105263 0.036842105263159 -4.06842105263158 -1.21052631578948 2.06315789473684 -0.973684210526323 1.9
-0.4 -2.53684210526316 -9 7.10526315789474 -11.3684210526316 5.45263157894737 2.97894736842105 5.14736842105263 -6.56842105263158 1.74736842105263 3.17894736842106 0.336842105263161 -6.33684210526316 5.74736842105263 0.036842105263159 -4.06842105263158 -1.21052631578948 2.06315789473684 -0.973684210526323 1.9
-0.4 -2.53684210526316 -9 7.10526315789474 -11.3684210526316 5.23157894736842 3.48421052631579 5.14736842105263 -6.56842105263158 1.74736842105263 3.17894736842106 0.336842105263161 -6.33684210526316 5.74736842105263 0.036842105263159 -4.06842105263158 -1.21052631578948 2.06315789473684 -0.973684210526323 1.9
-0.4 -2.53684210526316 -9 7.10526315789474 -11.3684210526316 8.25263157894737 -3.42105263157895 5.14736842105263 -6.56842105263158 1.74736842105263 3.17894736842106 0.336842105263161 -6.33684210526316 5.74736842105263 0.036842105263159 -4.06842105263158 -1.21052631578948 2.06315789473684 -0.973684210526323 1.9
-0.8 -2.53684210526316 -9 7.10526315789474 -11.6052631578947 5.01578947368421 5.16842105263158 5.14736842105263 -6.56842105263158 1.74736842105263 1.61578947368421 4.90000000000001 -5.92631578947368 5.74736842105263 0.036842105263159 -4.06842105263158 -1.21052631578948 2.06315789473684 -0.957894736842112 1.9
-0.4 -2.53684210526316 -9 7.10526315789474 -11.0526315789474 5.2 1.96842105263158 5.14736842105263 -6.56842105263158 1.74736842105263 3.17894736842106 0.336842105263161 -6.33684210526316 5.74736842105263 0.036842105263159 -4.06842105263158 -1.21052631578948 2.06315789473684 -0.973684210526323 1.9
-0.4 -2.53684210526316 -9 7.10526315789474 -11.3684210526316 4.49473684210526 5.16842105263158 5.14736842105263 -6.56842105263158 1.74736842105263 3.17894736842106 0.336842105263161 -5.45263157894737 2.58947368421053 0.036842105263159 -4.06842105263158 -1.21052631578948 2.06315789473684 -0.973684210526323 1.9
-0.4 -2.53684210526316 -9 7.10526315789474 -11.3684210526316 4.49473684210526 5.16842105263158 5.14736842105263 -6.56842105263158 1.74736842105263 3.17894736842106 0.336842105263161 -5.48947368421052 2.72105263157895 0.036842105263159 -4.06842105263158 -1.21052631578948 2.06315789473684 -0.973684210526323 1.9
-0.8 -2.53684210526316 -9 7.10526315789474 -11.3684210526316 4.49473684210526 5.16842105263158 5.14736842105263 -6.56842105263158 1.74736842105263 3.17894736842106 0.336842105263161 -5.45263157894737 3.47368421052632 -3.5 -4.08947368421053 -0.257894736842103 -4.34210526315789 4.53684210526316 1.9
